django: 0.7823026180267334
django_advanced: 0.9388089179992676
sqlalchemy: 0.9376182556152344
sqlalchemy_advanced: 0.8295187950134277
tortoise: 5.779613733291626
tortoise_advanced: 0.1875772476196289
django: 0.8418958187103271
django_advanced: 0.9535961151123047
sqlalchemy: 0.9225645065307617
sqlalchemy_advanced: 1.2236669063568115
tortoise: 5.849228620529175
tortoise_advanced: 0.16270923614501953
django: 0.7745625972747803
django_advanced: 1.0289251804351807
sqlalchemy: 1.0148372650146484
sqlalchemy_advanced: 0.8568634986877441
tortoise: 5.892135143280029
tortoise_advanced: 0.17196416854858398
django: 0.7734427452087402
django_advanced: 0.9379479885101318
sqlalchemy: 1.1575844287872314
sqlalchemy_advanced: 0.8452191352844238
tortoise: 5.819587707519531
tortoise_advanced: 0.1718752384185791
